6.384973144531250000e+03
4.753636718750000000e+03
3.585214599609375000e+03
2.607751464843750000e+03
2.026405395507812500e+03
1.587172119140625000e+03
1.251021240234375000e+03
1.105964599609375000e+03
9.381256713867187500e+02
8.521705322265625000e+02
7.658447265625000000e+02
6.512160644531250000e+02
6.342397460937500000e+02
5.650946655273437500e+02
5.401354370117187500e+02
4.817940368652343750e+02
4.177223815917968750e+02
3.887807617187500000e+02
3.645356750488281250e+02
3.373295593261718750e+02
3.560132751464843750e+02
2.843131103515625000e+02
2.888445129394531250e+02
2.447183074951171875e+02
2.094697265625000000e+02
1.991774291992187500e+02
1.872568664550781250e+02
1.766261749267578125e+02
1.575142669677734375e+02
1.710958862304687500e+02
1.499019317626953125e+02
1.552366027832031250e+02
1.337610473632812500e+02
1.186875152587890625e+02
1.077989425659179688e+02
1.066110687255859375e+02
1.177002639770507812e+02
1.049869537353515625e+02
9.877931213378906250e+01
8.845360565185546875e+01
8.555775451660156250e+01
7.920336151123046875e+01
8.416667938232421875e+01
8.544806671142578125e+01
8.059536743164062500e+01
7.179047393798828125e+01
6.307287597656250000e+01
7.329708862304687500e+01
6.526332855224609375e+01
5.977275848388671875e+01
6.281090927124023438e+01
6.060734176635742188e+01
5.327103424072265625e+01
5.139105224609375000e+01
5.770160675048828125e+01
4.715098190307617188e+01
4.328922653198242188e+01
4.667405319213867188e+01
4.715549468994140625e+01
4.219170379638671875e+01
4.180978775024414062e+01
4.685713958740234375e+01
3.354389190673828125e+01
3.194995689392089844e+01
3.617862319946289062e+01
3.569440460205078125e+01
3.824818420410156250e+01
2.770943260192871094e+01
3.188304710388183594e+01
3.553063964843750000e+01
2.920876121520996094e+01
2.335659027099609375e+01
3.911357498168945312e+01
2.524402999877929688e+01
2.651699638366699219e+01
2.812627792358398438e+01
3.207975387573242188e+01
2.840463829040527344e+01
2.532420349121093750e+01
2.438587951660156250e+01
2.861317253112792969e+01
2.268119621276855469e+01
2.327683448791503906e+01
2.336758613586425781e+01
2.476093482971191406e+01
1.963545989990234375e+01
1.896226501464843750e+01
1.750349044799804688e+01
1.929334068298339844e+01
1.956311225891113281e+01
1.992938804626464844e+01
1.481287765502929688e+01
2.394364738464355469e+01
1.837887382507324219e+01
2.129444503784179688e+01
1.843722724914550781e+01
1.979876136779785156e+01
1.827762603759765625e+01
2.019766998291015625e+01
1.651417732238769531e+01
